image_width: 640
image_height: 480
camera_name: mapir_rgb
camera_matrix:
  rows: 3
  cols: 3
  data: [470.1741302052741, 0, 279.1558162354935, 0, 469.0882300226997, 252.7806976546084, 0, 0, 1]
distortion_model: plumb_bob
distortion_coefficients:
  rows: 1
  cols: 5
  data: [0.02169794955570897, -0.0205357667854737, 0.008426746936694813, -0.01374160903242443, 0]
rectification_matrix:
  rows: 3
  cols: 3
  data: [1, 0, 0, 0, 1, 0, 0, 0, 1]
projection_matrix:
  rows: 3
  cols: 4
  data: [472.0680978056571, 0, 268.9230372292042, 0, 0, 478.2244324160384, 257.0337920298374, 0, 0, 0, 1, 0]