image_width: 640
image_height: 480
camera_name: mapir_cam
camera_matrix:
  rows: 3
  cols: 3
  data: [1115.577737504827, 0, 257.1270848741807, 0, 1110.176222020397, 323.2677505297233, 0, 0, 1]
distortion_model: plumb_bob
distortion_coefficients:
  rows: 1
  cols: 5
  data: [-0.09679230067281987, 0.04990379849795082, 0.01305110128768357, -0.01901108463921556, 0]
rectification_matrix:
  rows: 3
  cols: 3
  data: [1, 0, 0, 0, 1, 0, 0, 0, 1]
projection_matrix:
  rows: 3
  cols: 4
  data: [1098.366821289062, 0, 250.2560771087137, 0, 0, 1099.455322265625, 325.6715843022757, 0, 0, 0, 1, 0]