image_width: 384
image_height: 576
camera_name: thermal_cam
camera_matrix:
  rows: 3
  cols: 3
  data: [1150.00011651631, 0, 409.6982879013126, 0, 1155.530776541623, 246.0436937042125, 0, 0, 1]
distortion_model: plumb_bob
distortion_coefficients:
  rows: 1
  cols: 5
  data: [-0.03759228706030538, -0.1215703416292802, 0.002915995820933598, 0.03499891583874976, 0]
rectification_matrix:
  rows: 3
  cols: 3
  data: [1, 0, 0, 0, 1, 0, 0, 0, 1]
projection_matrix:
  rows: 3
  cols: 4
  data: [1122.7431640625, 0, 419.6757171202044, 0, 0, 1164.382080078125, 246.1158292037253, 0, 0, 0, 1, 0]
