image_width: 3120
image_height: 1080
camera_name: see3cam
camera_matrix:
  rows: 3
  cols: 3
  data: [462.2446290114162, 0, 308.8115146027777, 0, 458.4751339488662, 249.0395565896586, 0, 0, 1]
distortion_model: plumb_bob
distortion_coefficients:
  rows: 1
  cols: 5
  data: [0.03527823763959915, -0.06383912241357363, 0.007655239948373614, 0.008907391781204871, 0]
rectification_matrix:
  rows: 3
  cols: 3
  data: [1, 0, 0, 0, 1, 0, 0, 0, 1]
projection_matrix:
  rows: 3
  cols: 4
  data: [463.798583984375, 0, 314.2498626839952, 0, 0, 462.0813903808594, 252.1479333837196, 0, 0, 0, 1, 0]